-5.4373417 -5.4373417 4.6087217 4.6087217
3.5626225 -4.3912783 5.6653996 -4.3912783
4.6087217 -3.3345647 6.732751 -3.3345647
5.6653996 -2.2672133 -2.2672133 7.8108835
-4.3912783 3.5626225 -4.3912783 5.6653996
0.0 0.0 0.0 0.0
0.0 0.0 0.0 0.0
-1.1890867 6.732751 -1.1890867 8.899906
-3.3345885 4.6087217 6.732751 4.6087217
5.6653996 -2.2672372 7.8108835 -9.999952
6.732751 -1.1890986 8.899906 8.899906
7.8108835 7.8108835 -0.100047484 9.999952
-4.3912306 5.6653996 -9.999952 -4.3912306
0.0 0.0 0.0 0.0
-9.999952 7.8108835 9.999952 -0.100047484
0.0 0.0 0.0 0.0
